EIGEN_PROBE_OK
x0=-0.221591
x1=0.636364
x2=0.625
checksum=126.54
