OSQP_PROBE_OK
status_val=1
iter=50
obj_val=1.880000038606
x0=0.300000191114
x1=0.699999809028
y0=-2.899999823759
y1=0.000000000000
y2=0.200000014589
